0.8366666436	0.8249999682	0.8116666476	0.796666642	0.8766666353	0.8083333075	0.9633333087	0.8016666472	0.8033333023	0.8466666341	0.7566666504	0.8833333155	0.7783333262	0.798333317	0.7499999801	0.7766666412	0.7266666492	0.7183333039	0.8266666432	0.7349999746	0.7416666448

1.129999975	1.091666639	1.078333298	1.108333329	1.033333311	1.058333317	1.086666644	1.083333333	1.091666659	1.12166667	1.141666651	1.143333316	1.098333319	1.088333329	1.036666632	1.084999979	1.023333321	1.051666627	1.044999967	1.023333301	1.046666642

1.063333313	1.079999983	1.058333317	1.104999959	1.076666633	1.106666664	1.093333304	1.074999948	1.061666648	1.028333306	1.103333294	1.0033333	0.9833333095	0.9616666536	0.9533333182	0.9749999742	0.9999999702	0.9966666301	1.019999971	0.994999975	0.9816666444

0.9949999849	1.036666642	1.016666631	1.019999961	1.039999972	1.058333298	1.086666644	1.099999964	1.119999985	1.189999978	1.169999957	1.106666664	1.091666639	1.041666637	1.023333311	0.9933333198	0.9899999698	0.9366666476	0.921666642	0.8983333111	0.846666644

1.038333307	0.9699999889	0.9866666396	1.024999976	1.081666629	1.098333299	1.116666635	1.116666655	1.140000006	1.146666646	1.154999971	1.139999986	1.104999979	1.099999964	1.104999959	1.053333322	1.033333321	1.004999955	0.9566666484	0.9399999777	0.9116666516

1.161666652	1.116666655	1.11166666	1.154999971	1.226666609	1.183333317	1.204999963	1.183333298	1.229999979	1.231666625	1.089999974	1.084999969	1.176666657	1.156666676	1.173333327	1.146666666	1.106666644	1.13499999	1.086666644	1.083333294	1.063333293

0.3783333202	0.3783333202	0.3783333202	0.3783333202	0.3783333202	0.3783333202	0.3783333202	0.3783333202	0.3783333202	0.3783333202	0.3783333202	0.3783333202	0.3783333202	0.3783333202	0.3783333202	0.3783333202	0.3783333202	0.3783333202	0.3783333202	0.3783333202	0.3783333202

0.3799999952	0.3799999952	0.3799999952	0.3799999952	0.3799999952	0.3799999952	0.3799999952	0.3799999952	0.3799999952	0.3799999952	0.3799999952	0.3799999952	0.3799999952	0.3799999952	0.3799999952	0.3799999952	0.3799999952	0.3799999952	0.3799999952	0.3799999952	0.3799999952

0.2883333266	0.2883333266	0.2883333266	0.2883333266	0.2883333266	0.2883333266	0.2883333266	0.2883333266	0.2883333266	0.2883333266	0.2883333266	0.2883333266	0.2883333266	0.2883333266	0.2883333266	0.2883333266	0.2883333266	0.2883333266	0.2883333266	0.2883333266	0.2883333266
