2009082321
2009082322
2009082323
2009082400
2009082401
2009082402
2009082403
2009082404
2009082405
2009082406
2009082407
2009082408
2009082409
2009082410
2009082411
2009082412
2009082413
2009082414
2009082415
2009082416
2009082417
2009082418
2009082419
2009082420
2009082421
2009082422
2009082423
2009082500
2009082501
2009082502
2009082503
2009082504
2009082505
2009082506
2009082507
2009082508
2009082509
2009082510
2009082511
2009082512
2009082513
2009082514
2009082515
2009082516
2009082517
2009082518
2009082519
2009082520
2009082521
2009082522
2009082523
2009082600
2009082601
2009082602
2009082603
2009082604
2009082605
2009082606
2009082607
2009082608
2009082609
2009082610
2009082611
2009082612
2009082613
2009082614
2009082615
2009082616
2009082617
2009082618
2009082619
2009082620
2009082621
2009082622
2009082623
2009082700
2009082701
2009082702
2009082703
2009082704
2009082705
2009082706
2009082707
2009082708
2009082709
2009082710
2009082711
2009082712
2009082713
2009082714
2009082715
2009082716
2009082717
2009082718
2009082719
2009082720
2009082721
2009082722
2009082723
2009082800
2009082801
2009082802
2009082803
2009082804
2009082805
2009082806
2009082807
2009082808
2009082809
2009082810
2009082811
2009082812
2009082813
2009082814
2009082815
2009082816
2009082817
2009082818
2009082819
2009082820
2009082821
2009082822
2009082823
2009082900
2009082901
2009082902
2009082903
2009082904
2009082905
2009082906
2009082907
2009082908
2009082909
2009082910
2009082911
2009082912
2009082913
2009082914
2009082915
2009082916
2009082917
2009082918
2009082919
2009082920
2009082921
2009082922
2009082923
2009083000
2009083001
2009083002
2009083003
2009083004
2009083005
2009083006
2009083007
2009083008
2009083009
2009083010
2009083011
2009083012
2009083013
2009083014
2009083015
2009083016
2009083017
2009083018
2009083019
2009083020
2009083021
2009083022
2009083023
2009083100
2009083101
2009083102
2009083103
2009083104
2009083105
2009083106
2009083107
2009083108
2009083109
2009083110
2009083111
2009083112
2009083113
2009083114
2009083115
2009083116
2009083117
2009083118
2009083119
2009083120
2009083121
2009083122
2009083123
2009090100
2009090101
2009090102
2009090103
2009090104
2009090105
2009090106
2009090107
2009090108
2009090109
2009090110
2009090111
2009090112
2009090113
2009090114
2009090115
2009090116
2009090117
2009090118
2009090119
2009090120
2009090121
2009090122
2009090123
2009090200
2009090201
2009090202
2009090203
2009090204
2009090205
2009090206
2009090207
2009090208
2009090209
2009090210
2009090211
2009090212
2009090213
2009090214
2009090215
2009090216
2009090217
2009090218
2009090219
2009090220
2009090221
2009090222
2009090223
2009090300
2009090301
2009090302
2009090303
2009090304
2009090305
2009090306
2009090307
2009090308
2009090309
2009090310
2009090311
2009090312
2009090313
2009090314
2009090315
2009090316
2009090317
2009090318
2009090319
2009090320
2009090321
2009090322
2009090323
2009090400
2009090401
2009090402
2009090403
2009090404
2009090405
2009090406
2009090407
2009090408
2009090409
2009090410
2009090411
2009090412
2009090413
2009090414
2009090415
2009090416
2009090417
2009090418
2009090419
2009090420
2009090421
2009090422
2009090423
2009090500
2009090501
2009090502
2009090503
2009090504
2009090505
2009090506
2009090507
2009090508
2009090509
2009090510
2009090511
2009090512
2009090513
2009090514
2009090515
2009090516
2009090517
2009090518
2009090519
2009090520
2009090521
2009090522
2009090523
2009090600
2009090601
2009090602
2009090603
2009090604
2009090605
2009090606
2009090607
2009090608
2009090609
2009090610
2009090611
2009090612
2009090613
2009090614
2009090615
2009090616
2009090617
2009090618
2009090619
2009090620
2009090621
2009090622
2009090623
2009090700
2009090701
2009090702
2009090703
2009090704
2009090705
2009090706
2009090707
2009090708
2009090709
2009090710
2009090711
2009090712
2009090713
2009090714
2009090715
2009090716
2009090717
2009090718
2009090719
2009090720
2009090721
2009090722
2009090723
2009090800
2009090801
2009090802
2009090803
2009090804
2009090805
2009090806
2009090807
2009090808
2009090809
2009090810
2009090811
2009090812
2009090813
2009090814
2009090815
2009090816
2009090817
2009090818
2009090819
2009090820
2009090821
2009090822
2009090823
2009090900
2009090901
2009090902
2009090903
2009090904
2009090905
2009090906
2009090907
2009090908
2009090909
2009090910
2009090911
2009090912
2009090913
2009090914
2009090915
2009090916
2009090917
2009090918
2009090919
2009090920
2009090921
2009090922
2009090923
2009091000
2009091001
2009091002
2009091003
2009091004
2009091005
2009091006
2009091007
2009091008
2009091009
2009091010
2009091011
2009091012
2009091013
2009091014
2009091015
2009091016
2009091017
2009091018
2009091019
2009091020
2009091021
2009091022
2009091023
2009091100
2009091101
2009091102
2009091103
2009091104
2009091105
2009091106
2009091107
2009091108
2009091109
2009091110
2009091111
2009091112
2009091113
2009091114
2009091115
2009091116
2009091117
2009091118
2009091119
2009091120
2009091121
2009091122
2009091123
2009091200
2009091201
2009091202
2009091203
2009091204
2009091205
2009091206
2009091207
2009091208
2009091209
2009091210
2009091211
2009091212
2009091213
2009091214
2009091215
2009091216
2009091217
2009091218
2009091219
2009091220
2009091221
2009091222
2009091223
2009091300
2009091301
2009091302
2009091303
2009091304
2009091305
2009091306
2009091307
2009091308
2009091309
2009091310
2009091311
2009091312
2009091313
2009091314
2009091315
2009091316
2009091317
2009091318
2009091319
2009091320
2009091321
2009091322
2009091323
2009091400
2009091401
2009091402
2009091403
2009091404
2009091405
2009091406
2009091407
2009091408
2009091409
2009091410
2009091411
2009091412
2009091413
2009091414
2009091415
2009091416
2009091417
2009091418
2009091419
2009091420
2009091421
2009091422
2009091423
2009091500
2009091501
2009091502
2009091503
2009091504
2009091505
2009091506
2009091507
2009091508
2009091509
2009091510
2009091511
2009091512
2009091513
2009091514
2009091515
2009091516
2009091517
2009091518
2009091519
2009091520
2009091521
2009091522
2009091523
2009091600
2009091601
2009091602
2009091603
2009091604
2009091605
2009091606
2009091607
2009091608
2009091609
2009091610
2009091611
2009091612
2009091613
2009091614
2009091615
2009091616
2009091617
2009091618
2009091619
2009091620
2009091621
2009091622
2009091623
2009091700
2009091701
2009091702
2009091703
2009091704
2009091705
2009091706
2009091707
2009091708
2009091709
2009091710
2009091711
2009091712
2009091713
2009091714
2009091715
2009091716
2009091717
2009091718
2009091719
2009091720
2009091721
2009091722
2009091723
2009091800
2009091801
2009091802
2009091803
2009091804
2009091805
2009091806
2009091807
2009091808
2009091809
2009091810
2009091811
2009091812
2009091813
2009091814
2009091815
2009091816
2009091817
2009091818
2009091819
2009091820
2009091821
2009091822
2009091823
2009091900
2009091901
2009091902
2009091903
2009091904
2009091905
2009091906
2009091907
2009091908
2009091909
2009091910
2009091911
2009091912
2009091913
2009091914
2009091915
2009091916
2009091917
2009091918
2009091919
2009091920
2009091921
2009091922
2009091923
2009092000
2009092001
2009092002
