2010120102
2010120103
2010120104
2010120105
2010120106
2010120107
2010120108
2010120109
2010120110
2010120111
2010120112
2010120113
2010120114
2010120115
2010120116
2010120117
2010120118
2010120119
2010120120
2010120121
2010120122
2010120123
2010120200
2010120201
2010120202
2010120203
2010120204
2010120205
2010120206
2010120207
2010120208
2010120209
2010120210
2010120211
2010120212
2010120213
2010120214
2010120215
2010120216
2010120217
2010120218
2010120219
2010120220
2010120221
2010120222
2010120223
2010120300
2010120301
2010120302
2010120303
2010120304
2010120305
2010120306
2010120307
2010120308
2010120309
2010120310
2010120311
2010120312
2010120313
2010120314
2010120315
2010120316
2010120317
2010120318
2010120319
2010120320
2010120321
2010120322
2010120323
2010120400
2010120401
2010120402
2010120403
2010120404
2010120405
2010120406
2010120407
2010120408
2010120409
2010120410
2010120411
2010120412
2010120413
2010120414
2010120415
2010120416
2010120417
2010120418
2010120419
2010120420
2010120421
2010120422
2010120423
2010120500
2010120501
2010120502
2010120503
2010120504
2010120505
2010120506
2010120507
2010120508
2010120509
2010120510
2010120511
2010120512
2010120513
2010120514
2010120515
2010120516
2010120517
2010120518
2010120519
2010120520
2010120521
2010120522
2010120523
2010120600
2010120601
2010120602
2010120603
2010120604
2010120605
2010120606
2010120607
2010120608
2010120609
2010120610
2010120611
2010120612
2010120613
2010120614
2010120615
2010120616
2010120617
2010120618
2010120619
2010120620
2010120621
2010120622
2010120623
2010120700
2010120701
2010120702
2010120703
2010120704
2010120705
2010120706
2010120707
2010120708
2010120709
2010120710
2010120711
2010120712
2010120713
2010120714
2010120715
2010120716
2010120717
2010120718
2010120719
2010120720
2010120721
2010120722
2010120723
2010120800
2010120801
2010120802
2010120803
2010120804
2010120805
2010120806
2010120807
2010120808
2010120809
2010120810
2010120811
2010120812
2010120813
2010120814
2010120815
2010120816
2010120817
2010120818
2010120819
2010120820
2010120821
2010120822
2010120823
2010120900
2010120901
2010120902
2010120903
2010120904
2010120905
2010120906
2010120907
2010120908
2010120909
2010120910
2010120911
2010120912
2010120913
2010120914
2010120915
2010120916
2010120917
2010120918
2010120919
2010120920
2010120921
2010120922
2010120923
2010121000
2010121001
2010121002
2010121003
2010121004
2010121005
2010121006
2010121007
2010121008
2010121009
2010121010
2010121011
2010121012
2010121013
2010121014
2010121015
2010121016
2010121017
2010121018
2010121019
2010121020
2010121021
2010121022
2010121023
2010121100
2010121101
2010121102
2010121103
2010121104
2010121105
2010121106
2010121107
2010121108
2010121109
2010121110
2010121111
2010121112
2010121113
2010121114
2010121115
2010121116
2010121117
2010121118
2010121119
2010121120
2010121121
2010121122
2010121123
2010121200
2010121201
2010121202
2010121203
2010121204
2010121205
2010121206
2010121207
2010121208
2010121209
2010121210
2010121211
2010121212
2010121213
2010121214
2010121215
2010121216
2010121217
2010121218
2010121219
2010121220
2010121221
2010121222
2010121223
2010121300
2010121301
2010121302
2010121303
2010121304
2010121305
2010121306
2010121307
2010121308
2010121309
2010121310
2010121311
2010121312
2010121313
2010121314
2010121315
2010121316
2010121317
2010121318
2010121319
2010121320
2010121321
2010121322
2010121323
2010121400
2010121401
2010121402
2010121403
2010121404
2010121405
2010121406
2010121407
2010121408
2010121409
2010121410
2010121411
2010121412
2010121413
2010121414
2010121415
2010121416
2010121417
2010121418
2010121419
2010121420
2010121421
2010121422
2010121423
2010121500
2010121501
2010121502
2010121503
2010121504
2010121505
2010121506
2010121507
2010121508
2010121509
2010121510
2010121511
2010121512
2010121513
2010121514
2010121515
2010121516
2010121517
2010121518
2010121519
2010121520
2010121521
2010121522
2010121523
2010121600
2010121601
2010121602
2010121603
2010121604
2010121605
2010121606
2010121607
2010121608
2010121609
2010121610
2010121611
2010121612
2010121613
2010121614
2010121615
2010121616
2010121617
2010121618
2010121619
2010121620
2010121621
2010121622
2010121623
2010121700
2010121701
2010121702
2010121703
2010121704
2010121705
2010121706
2010121707
2010121708
2010121709
2010121710
2010121711
2010121712
2010121713
2010121714
2010121715
2010121716
2010121717
2010121718
2010121719
2010121720
2010121721
2010121722
2010121723
2010121800
2010121801
2010121802
2010121803
2010121804
2010121805
2010121806
2010121807
2010121808
2010121809
2010121810
2010121811
2010121812
2010121813
2010121814
2010121815
2010121816
2010121817
2010121818
2010121819
2010121820
2010121821
2010121822
2010121823
2010121900
2010121901
2010121902
2010121903
2010121904
2010121905
2010121906
2010121907
2010121908
2010121909
2010121910
2010121911
2010121912
2010121913
2010121914
2010121915
2010121916
2010121917
2010121918
2010121919
2010121920
2010121921
2010121922
2010121923
2010122000
2010122001
2010122002
2010122003
2010122004
2010122005
2010122006
2010122007
2010122008
2010122009
2010122010
2010122011
2010122012
2010122013
2010122014
2010122015
2010122016
2010122017
2010122018
2010122019
2010122020
2010122021
2010122022
2010122023
2010122100
2010122101
2010122102
2010122103
2010122104
2010122105
2010122106
2010122107
2010122108
2010122109
2010122110
2010122111
2010122112
2010122113
2010122114
2010122115
2010122116
2010122117
2010122118
2010122119
2010122120
2010122121
2010122122
2010122123
2010122200
2010122201
2010122202
2010122203
2010122204
2010122205
2010122206
2010122207
2010122208
2010122209
2010122210
2010122211
2010122212
2010122213
2010122214
2010122215
2010122216
2010122217
2010122218
2010122219
2010122220
2010122221
2010122222
2010122223
2010122300
2010122301
2010122302
2010122303
2010122304
2010122305
2010122306
2010122307
2010122308
2010122309
2010122310
2010122311
2010122312
2010122313
2010122314
2010122315
2010122316
2010122317
2010122318
2010122319
2010122320
2010122321
2010122322
2010122323
2010122400
2010122401
2010122402
2010122403
2010122404
2010122405
2010122406
2010122407
2010122408
2010122409
2010122410
2010122411
2010122412
2010122413
2010122414
2010122415
2010122416
2010122417
2010122418
2010122419
2010122420
2010122421
2010122422
2010122423
2010122500
2010122501
2010122502
2010122503
2010122504
2010122505
2010122506
2010122507
2010122508
2010122509
2010122510
2010122511
2010122512
2010122513
2010122514
2010122515
2010122516
2010122517
2010122518
2010122519
2010122520
2010122521
2010122522
2010122523
2010122600
2010122601
2010122602
2010122603
2010122604
2010122605
2010122606
2010122607
2010122608
2010122609
2010122610
2010122611
2010122612
2010122613
2010122614
2010122615
2010122616
2010122617
2010122618
2010122619
2010122620
2010122621
2010122622
2010122623
2010122700
2010122701
2010122702
2010122703
2010122704
2010122705
2010122706
2010122707
2010122708
2010122709
2010122710
2010122711
2010122712
