2012061211
2012061212
2012061213
2012061214
2012061215
2012061216
2012061217
2012061218
2012061219
2012061220
2012061221
2012061222
2012061223
2012061300
2012061301
2012061302
2012061303
2012061304
2012061305
2012061306
2012061307
2012061308
2012061309
2012061310
2012061311
2012061312
2012061313
2012061314
2012061315
2012061316
2012061317
2012061318
2012061319
2012061320
2012061321
2012061322
2012061323
2012061400
2012061401
2012061402
2012061403
2012061404
2012061405
2012061406
2012061407
2012061408
2012061409
2012061410
2012061411
2012061412
2012061413
2012061414
2012061415
2012061416
2012061417
2012061418
2012061419
2012061420
2012061421
2012061422
2012061423
2012061500
2012061501
2012061502
2012061503
2012061504
2012061505
2012061506
2012061507
2012061508
2012061509
2012061510
2012061511
2012061512
2012061513
2012061514
2012061515
2012061516
2012061517
2012061518
2012061519
2012061520
2012061521
2012061522
2012061523
2012061600
2012061601
2012061602
2012061603
2012061604
2012061605
2012061606
2012061607
2012061608
2012061609
2012061610
2012061611
2012061612
2012061613
2012061614
2012061615
2012061616
2012061617
2012061618
2012061619
2012061620
2012061621
2012061622
2012061623
2012061700
2012061701
2012061702
2012061703
2012061704
2012061705
2012061706
2012061707
2012061708
2012061709
2012061710
2012061711
2012061712
2012061713
2012061714
2012061715
2012061716
2012061717
2012061718
2012061719
2012061720
2012061721
2012061722
2012061723
2012061800
2012061801
2012061802
2012061803
2012061804
2012061805
2012061806
2012061807
2012061808
2012061809
2012061810
2012061811
2012061812
2012061813
2012061814
2012061815
2012061816
2012061817
2012061818
2012061819
2012061820
2012061821
2012061822
2012061823
2012061900
2012061901
2012061902
2012061903
2012061904
2012061905
2012061906
2012061907
2012061908
2012061909
2012061910
2012061911
2012061912
2012061913
2012061914
2012061915
2012061916
2012061917
2012061918
2012061919
2012061920
2012061921
2012061922
2012061923
2012062000
2012062001
2012062002
2012062003
2012062004
2012062005
2012062006
2012062007
2012062008
2012062009
2012062010
2012062011
2012062012
2012062013
2012062014
2012062015
2012062016
2012062017
2012062018
2012062019
2012062020
2012062021
2012062022
2012062023
2012062100
2012062101
2012062102
2012062103
2012062104
2012062105
2012062106
2012062107
2012062108
2012062109
2012062110
2012062111
2012062112
2012062113
2012062114
2012062115
2012062116
2012062117
2012062118
2012062119
2012062120
2012062121
2012062122
2012062123
2012062200
2012062201
2012062202
2012062203
2012062204
2012062205
2012062206
2012062207
2012062208
2012062209
2012062210
2012062211
2012062212
2012062213
2012062214
2012062215
2012062216
2012062217
2012062218
2012062219
2012062220
2012062221
2012062222
2012062223
2012062300
2012062301
2012062302
2012062303
2012062304
2012062305
2012062306
2012062307
2012062308
2012062309
2012062310
2012062311
2012062312
2012062313
2012062314
2012062315
2012062316
2012062317
2012062318
2012062319
2012062320
2012062321
2012062322
2012062323
2012062400
2012062401
2012062402
2012062403
2012062404
2012062405
2012062406
2012062407
2012062408
2012062409
2012062410
2012062411
2012062412
2012062413
2012062414
2012062415
2012062416
2012062417
2012062418
2012062419
2012062420
2012062421
2012062422
2012062423
2012062500
2012062501
2012062502
2012062503
2012062504
2012062505
2012062506
2012062507
2012062508
2012062509
2012062510
2012062511
2012062512
2012062513
2012062514
2012062515
2012062516
2012062517
2012062518
2012062519
2012062520
2012062521
2012062522
2012062523
2012062600
2012062601
2012062602
