2009071500
2009071502
2009071504
2009071506
2009081108
2009081110
2009081112
2009090715
2009090717
2009090719
2009100421
2009100423
2009100501
2009100503
2009110105
2009110106
2009110107
2009110109
2009110111
2009112814
2009112816
2009112818
2009122520
2009122522
2009122600
2009122602
2010010813
2010010815
2010010817
2010010818
2010010819
2010020421
2010020423
2010020501
2010020502
2010020503
2010030403
2010030405
2010030407
2010030409
2010033111
2010033113
2010033115
2010033117
2010042719
2010042721
2010042723
2010042801
2010052501
2010052503
2010052505
2010052507
2010062109
2010062111
2010062113
2010062115
2010070500
2010070502
2010070504
2010070506
2010080108
2010080110
2010080112
2010080114
2010082814
2010082816
2010082818
2010082820
2010092422
2010092500
2010092502
2010092503
2010092504
2010102206
2010102208
2010102209
2010102210
2010102211
2010102212
2010111812
2010111814
2010111815
2010111816
2010111817
2010121519
2010121520
2010121521
2010121523
2010121601
2010122912
2010122914
2010122916
2010122918
2011012520
2011012522
2011012600
2011022202
2011022204
2011022206
2011022207
2011022208
2011032108
2011032110
2011032112
2011032114
2011041716
2011041718
2011041719
2011041720
2011041721
2011041722
2011051500
2011051502
2011051503
2011051504
2011051505
2011061106
2011061108
2011061110
2011061111
2011061112
2011072203
2011072205
2011072207
2011072209
2011081811
2011081813
2011081815
2011081817
2011091417
2011091419
2011091421
2011091423
2011101123
2011101201
2011101203
2011101205
2011110806
2011110807
2011110808
2011110810
2011110812
2011120513
2011120515
2011120517
2011120519
2012011513
2012011515
2012011519
2012021120
2012021122
2012021200
2012030917
2012030918
2012030919
2012030920
2012031001
2012031002
2012031003
2012031005
2012031007
2012040611
2012040613
2012040615
2012040617
2012050316
2012050318
2012050320
2012050322
2012053023
2012053103
2012053105
2012071021
2012071023
2012071101
2012071103
2012080704
2012080706
2012080710
2012080714
2012080718
2012090311
2012090313
2012090315
2012090317
2012093017
2012093018
2012093019
2012093020
2012093021
2012093023
2012102800
2012102802
2012102806
2012102812
2012112407
2012112409
2012112411
2012112413
2013010404
2013010406
2013010408
2013010410
2013010412
2013010415
2013010416
2013010419
2013010420
2013013111
2013013113
2013013115
2013013117
2013013120
2013013121
2013022718
2013022720
2013022722
2013022800
2013032623
2013032701
2013032703
2013032705
2013032707
2013042306
2013042308
2013042310
2013042312
2013052011
2013052013
2013052015
2013052017
2013052019
2013052023
2013063012
2013063014
2013063016
2013063018
2013072718
2013072720
2013072800
2013082400
2013082402
2013082404
2013082406
