2010010107
2010010200
2010010215
2010010216
2010010217
2010010308
2010010401
2010010416
2010010417
2010010418
2010010509
2010010602
2010010617
2010010618
2010010619
2010010813
2010010815
2010010817
2010010818
2010010819
2010010820
2010010911
2010010912
2010011004
2010011019
2010011020
2010011021
2010011112
2010011113
2010011114
2010011315
2010011406
2010011407
2010011408
2010011423
2010011516
2010011607
2010011608
2010011609
2010011700
2010011701
2010011717
2010011808
2010011809
2010011810
2010011901
2010011902
2010011918
2010012009
2010012010
2010012011
2010012101
2010012210
2010012211
2010012212
2010012303
2010012304
2010012305
2010012320
2010012411
2010012412
2010012413
2010012504
2010012505
2010012521
2010012612
2010012613
2010012614
2010012705
2010012706
2010012707
2010012722
2010012815
2010012906
2010012907
2010012908
2010012923
2010013001
2010013016
2010013108
2010013109
2010020100
2010020101
2010020102
2010020117
2010020210
2010020301
2010020302
2010020421
2010020423
2010020501
2010020503
2010020504
2010020519
2010020520
2010020521
2010020612
2010020704
2010020705
2010020720
2010020721
2010020722
2010020813
2010020906
2010021602
2010021617
2010021618
2010021619
2010021818
2010021819
2010021820
2010021911
2010022002
2010022003
2010022004
2010022019
2010022020
2010022021
2010022112
2010022203
2010022204
2010022205
2010022220
2010022221
2010022313
2010022404
2010022405
2010022406
2010022421
2010022422
2010022423
2010022514
2010022607
2010022622
2010022623
2010022700
2010022715
2010022716
2010022717
2010022808
2010030101
2010030116
2010030117
2010030118
2010030209
2010030210
2010030403
2010030405
2010030409
2010030410
2010030411
2010030412
2010030503
2010030520
2010030611
2010030612
2010030613
2010030705
2010030721
2010030813
2010030814
2010030905
2010030906
2010030907
2010030922
2010030923
2010031000
2010031015
2010031108
2010031123
2010031200
2010031201
2010031216
2010031309
2010031400
2010031401
2010031402
2010031417
2010031509
2010031510
2010031601
2010031802
2010031803
2010031804
2010031819
2010031910
2010031911
2010031912
2010032003
2010032020
2010032111
2010032112
2010032113
2010032204
2010032221
2010032312
2010032313
2010032314
2010032405
2010032406
2010032407
2010032515
2010032607
2010032608
2010032623
2010032700
2010032701
2010032716
2010032717
2010032718
2010032809
2010032902
2010032917
2010032918
2010032919
2010033111
2010033113
2010033115
2010033117
2010033119
2010033120
2010040111
2010040112
2010040113
2010040204
2010040205
2010040206
2010040221
2010040314
2010040405
2010040406
2010040500
2010040608
2010040609
2010040701
2010040717
2010040718
2010040809
2010040810
2010040811
2010040902
2010040903
2010040919
2010041011
2010041012
2010041103
2010041104
2010041105
2010041120
2010041213
2010041223
2010041414
2010041505
2010041507
2010041522
2010041523
2010041600
2010041615
2010041708
2010041723
2010041800
2010041801
2010041816
2010041817
2010041818
2010041909
2010042000
2010042001
2010042002
2010042017
2010042018
2010042019
2010042110
2010042203
2010042218
2010042219
2010042220
2010042311
2010042404
2010042419
2010042420
2010042421
2010042512
2010042604
2010042605
2010042719
2010042721
2010042801
2010042803
2010042805
2010042806
2010042821
2010042822
2010042914
2010043005
2010043006
2010043007
2010043022
2010050115
2010050206
2010050207
2010050208
2010050223
2010050300
2010050409
2010050500
2010050501
2010050502
2010050517
2010050518
2010050519
2010050610
2010050703
2010050718
2010050719
2010050720
2010050811
2010050904
2010050919
2010050920
2010050921
2010051120
2010051121
2010051122
2010051213
2010051214
2010051215
2010051306
2010051322
2010051323
2010051414
2010051415
2010051416
2010051507
2010051600
2010051615
2010051616
2010051617
2010051710
2010051801
2010051818
2010051909
2010051910
2010052002
2010052019
2010052110
2010052111
2010052112
2010052203
2010052220
2010052311
2010052312
2010052313
2010052501
2010052503
2010052505
2010052507
2010052509
2010052511
2010052512
2010052513
2010052514
2010052605
2010052621
2010052622
2010052713
2010052714
2010052715
2010052822
2010052823
2010052916
2010053007
2010053100
2010053117
2010060108
2010060109
2010060110
2010060201
2010060218
2010060309
2010060310
2010060311
2010060402
2010060403
2010060419
2010060510
2010060511
2010060512
2010060603
2010060804
2010060821
2010060912
2010060913
2010060914
2010061005
2010061022
2010061113
2010061114
2010061115
2010061206
2010061207
2010061223
2010061314
2010061315
2010061316
2010061407
2010061408
2010061409
2010061500
2010061516
2010061517
2010061608
2010061609
2010061610
2010061701
2010061716
2010061717
2010061718
2010061809
2010061810
2010061811
2010061902
2010061917
2010061918
2010061919
2010062109
2010062111
2010062113
2010062115
2010062117
2010062118
2010062119
2010062120
2010062211
2010062303
2010062304
2010062319
2010062320
2010062321
2010062412
2010062504
2010062505
2010062520
2010062521
2010062522
2010062613
2010062705
2010062706
2010062721
2010062722
2010062723
2010062814
2010062815
2010062816
2010062907
2010062923
2010063000
2010063015
2010063016
2010063017
2010070108
2010070200
2010070201
2010070216
2010070217
2010070218
2010070309
2010070500
2010070502
2010070504
2010070506
2010070508
2010070510
2010070601
2010070602
2010070603
2010070618
2010070619
2010070711
2010070802
2010070803
2010070804
2010070819
2010070820
2010070912
2010071003
2010071004
2010071005
2010071020
2010071021
2010071022
2010071113
2010071205
2010071206
2010071221
2010071222
2010071223
2010071314
2010071407
2010071422
2010071423
2010071500
2010071515
2010071607
2010071608
2010071623
2010071700
2010071701
2010071900
2010071901
2010071902
2010071917
2010072008
2010072009
2010072010
2010072101
2010072102
2010072118
2010072209
2010072210
2010072211
2010072302
2010072303
2010072304
2010072319
2010072411
2010072503
2010072504
2010072505
2010072520
2010072521
2010072522
2010072613
2010072705
2010072706
2010072721
2010072722
2010072723
2010072814
2010072907
2010072922
2010072923
2010073000
2010073015
2010080108
2010080110
2010080112
2010080114
2010080116
2010080209
2010080300
2010080301
2010080302
2010080317
2010080410
2010080501
2010080502
2010080503
2010080519
2010080611
2010080702
2010080703
2010080704
2010080719
2010080720
2010080721
2010080812
2010080903
2010080904
2010080905
2010080920
2010080921
2010080922
2010081013
2010081105
2010081106
2010081121
2010081122
2010081123
2010081214
2010081305
2010081306
2010081307
2010081506
2010081507
2010081508
2010081523
2010081600
2010081616
2010081707
2010081708
2010081709
2010081800
2010081817
2010081908
2010081909
2010081910
2010082001
2010082002
2010082003
2010082018
2010082111
2010082203
2010082204
2010082219
2010082220
2010082312
2010082403
2010082404
2010082405
2010082420
2010082421
2010082422
2010082513
2010082604
2010082621
2010082622
2010082623
2010082814
2010082816
2010082818
2010082820
2010082822
2010082823
2010082900
2010082915
2010083006
2010083007
2010083008
2010083023
2010083100
2010083101
2010090107
2010090108
2010090109
2010090200
2010090201
2010090202
2010090217
2010090310
2010090401
2010090402
2010090403
2010090418
2010090511
2010090603
2010090604
2010090619
2010090710
2010090711
2010090712
2010090803
2010090804
2010090805
2010090820
2010090911
2010090912
2010090913
2010091112
2010091113
2010091114
2010091205
2010091220
2010091221
2010091222
2010091406
2010091421
2010091422
2010091423
2010091514
2010091607
2010091623
2010091700
2010091715
2010091716
2010091717
2010091808
2010091901
2010091916
2010091917
2010091918
2010092009
2010092010
2010092102
2010092117
2010092118
2010092119
2010092210
2010092211
2010092303
2010092318
2010092319
2010092422
2010092500
2010092502
2010092504
2010092505
2010092519
2010092520
2010092521
2010092612
2010092613
2010092614
2010092705
2010092720
2010092721
2010092722
2010092813
2010092814
2010092815
2010092906
2010092923
2010100107
2010100200
2010100215
2010100216
2010100217
2010100308
2010100309
2010100310
2010100401
2010100418
2010100509
2010100510
2010100511
2010100619
2010100820
2010100911
2010100912
2010100913
2010101004
2010101021
2010101112
2010101113
2010101114
2010101205
2010101222
2010101314
2010101315
2010101406
2010101407
2010101408
2010101423
2010101500
2010101516
2010101607
2010101608
2010101609
2010101700
2010101717
2010101808
2010101809
2010101810
2010101901
2010101918
2010102009
2010102010
2010102011
2010102206
2010102208
2010102210
2010102211
2010102213
2010102303
2010102318
2010102319
2010102320
2010102411
2010102503
2010102504
2010102519
2010102520
2010102521
2010102612
2010102703
2010102704
2010102705
2010102720
2010102721
2010102722
2010102813
2010102904
2010102905
2010102906
2010102921
2010102922
2010102923
2010103014
2010103106
2010103107
2010103122
2010110115
2010110206
2010110207
2010110208
2010110223
2010110315
2010110316
2010110500
2010110515
2010110516
2010110517
2010110608
2010110701
2010110716
2010110717
2010110718
2010110809
2010110901
2010110902
2010110917
2010110918
2010110919
2010111010
2010111118
2010111119
2010111120
2010111211
2010111212
2010111213
2010111304
2010111321
2010111412
2010111413
2010111414
2010111505
2010111522
2010111613
2010111614
2010111615
2010111706
2010111812
2010111814
2010111815
2010111816
2010111817
2010111819
2010111907
2010112000
2010112015
2010112108
2010112201
2010112216
2010112217
2010112218
2010112309
2010112310
2010112311
2010112402
2010112419
2010112510
2010112511
2010112512
2010112603
2010112620
2010112711
2010112712
2010112713
2010112804
2010112805
2010112806
2010112821
2010112912
2010112913
2010112914
2010113005
2010113006
2010113022
2010120206
2010120207
2010120208
2010120223
2010120315
2010120316
2010120407
2010120408
2010120409
2010120500
2010120516
2010120517
2010120608
2010120609
2010120610
2010120701
2010120809
2010120810
2010120811
2010120902
2010120903
2010120919
2010121010
2010121011
2010121012
2010121103
2010121118
2010121119
2010121120
2010121211
2010121302
2010121303
2010121304
2010121319
2010121410
2010121411
2010121412
2010121520
2010121521
2010121523
2010121601
2010121603
2010121611
2010121612
2010121613
2010121704
2010121719
2010121720
2010121721
2010121812
2010121903
2010121904
2010121905
2010122011
2010122012
2010122013
2010122104
2010122121
2010122212
2010122213
2010122214
2010122305
2010122320
2010122321
2010122322
2010122413
2010122505
2010122506
2010122521
2010122522
2010122614
2010122705
2010122706
2010122707
2010122722
2010122912
2010122914
2010122916
2010122918
2010122920
2010122921
2010122922
2010122923
2010123014
2010123105
2010123106
2010123107
2010123122