2012010610
2012010612
2012010614
2012010616
2012010618
2012010620
2012010622
2012010700
2012010702
2012010704
2012010706
2012010708
2012011205
2012011207
2012011209
2012011211
2012011213
2012011215
2012011217
2012011219
2012011221
2012011223
2012011301
2012011513
2012011515
2012011519
2012011521
2012011722
2012011800
2012011802
2012011804
2012011806
2012011808
2012011810
2012011812
2012011814
2012011816
2012011818
2012012317
2012012319
2012012321
2012012323
2012012401
2012012403
2012012405
2012012407
2012012409
2012012411
2012012413
2012012803
2012012908
2012012910
2012012912
2012012914
2012012916
2012012918
2012012920
2012012922
2012013000
2012013002
2012013004
2012013006
2012020403
2012020405
2012020407
2012020409
2012020411
2012020413
2012020415
2012020417
2012020419
2012020421
2012020423
2012020501
2012020920
2012020922
2012021000
2012021002
2012021004
2012021006
2012021008
2012021010
2012021012
2012021014
2012021120
2012021122
2012021200
2012021202
2012021515
2012021517
2012021519
2012021521
2012021523
2012021601
2012021603
2012021605
2012021607
2012021609
2012021611
2012022110
2012022112
2012022114
2012022116
2012022118
2012022120
2012022122
2012022200
2012022202
2012022204
2012022206
2012022701
2012022703
2012022705
2012022707
2012022709
2012022711
2012022713
2012022715
2012022717
2012022719
2012022721
2012022723
2012030320
2012030322
2012030400
2012030402
2012030404
2012030406
2012030408
2012030410
2012030412
2012030414
2012030416
2012030418
2012030917
2012030918
2012030919
2012031001
2012031003
2012031005
2012031007
2012031009
2012031011
2012031510
2012031512
2012031514
2012031518
2012031520
2012031522
2012031600
2012031602
2012031604
2012032103
2012032105
2012032107
2012032109
2012032111
2012032113
2012032115
2012032117
2012032119
2012032121
2012032123
2012032618
2012032620
2012032622
2012032700
2012032702
2012032704
2012032706
2012032708
2012032710
2012032712
2012032714
2012040115
2012040117
2012040121
2012040123
2012040201
2012040203
2012040205
2012040207
2012040209
2012040211
2012040213
2012040523
2012040611
2012040613
2012040615
2012040708
2012040710
2012040712
2012040714
2012040716
2012040718
2012040720
2012040722
2012040800
2012040802
2012040804
2012041303
2012041305
2012041307
2012041309
2012041311
2012041313
2012041315
2012041317
2012041319
2012041321
2012041323
2012041820
2012042413
2012042415
2012042419
2012042421
2012042423
2012042501
2012042503
2012042505
2012042507
2012042509
2012042511
2012043008
2012043010
2012043012
2012043014
2012043016
2012043018
2012043020
2012043022
2012050100
2012050102
2012050104
2012050106
2012050316
2012050318
2012050320
2012050322
2012050400
2012050601
2012050603
2012050605
2012050607
2012050609
2012050611
2012050613
2012050615
2012050617
2012050619
2012050621
2012050623
2012051122
2012051200
2012051202
2012051204
2012051206
2012051208
2012051210
2012051212
2012051214
2012051216
2012051218
2012051604
2012051715
2012051717
2012051719
2012051721
2012051723
2012051801
2012051803
2012051805
2012051807
2012051809
2012051811
2012052310
2012052312
2012052314
2012052316
2012052318
2012052320
2012052322
2012052400
2012052402
2012052404
2012052406
2012052408
2012052903
2012052905
2012052907
2012052909
2012052911
2012052913
2012052915
2012052917
2012052919
2012053023
2012053103
2012053105
2012053107
2012060314
2012060316
2012060318
2012060320
2012060322
2012060400
2012060402
2012060404
2012060406
2012060408
2012060410
2012060903
2012060905
2012060907
2012060911
2012060913
2012060915
2012060917
2012060919
2012060921
2012060923
2012061211
2012061410
2012061412
2012061414
2012061416
2012061418
2012061420
2012061422
2012061500
2012061502
2012061504
2012061506
2012061508
2012061921
2012061923
2012062003
2012062005
2012062011
2012062013
2012062015
2012062017
2012062019
2012062508
2012062510
2012062512
2012062514
2012062516
2012062518
2012062520
2012062522
2012062600
2012063017
2012063019
2012063021
2012063023
2012070101
2012070103
2012070105
2012070107
2012070109
2012070111
2012070113
2012070606
2012070610
2012070612
2012070614
2012070616
2012070618
2012070620
2012070622
2012070700
2012070702
2012071021
2012071023
2012071101
2012071103
2012071105
2012071115
2012071119
2012071121
2012071123
2012071203
2012071205
2012071207
2012071209
2012071211
2012071702
2012071704
2012071706
2012071708
2012071710
2012071712
2012071714
2012071716
2012071718
2012071720
2012071722
2012072213
2012072215
2012072217
2012072219
2012072221
2012072223
2012072301
2012072303
2012072305
2012072307
2012072722
2012072800
2012072802
2012072804
2012072806
2012072808
2012072810
2012072812
2012072814
2012072816
2012072818
2012080211
2012080213
2012080215
2012080217
2012080219
2012080221
2012080223
2012080303
2012080305
2012080307
2012080704
2012080706
2012080710
2012080712
2012080714
2012080718
2012080722
2012080800
2012080802
2012080806
2012080808
2012080810
2012080812
2012080814
2012080816
2012081307
2012081309
2012081311
2012081313
2012081315
2012081317
2012081319
2012081321
2012081323
2012081401
2012081403
2012081816
2012081818
2012081820
2012081822
2012081900
2012081902
2012081904
2012081906
2012081908
2012081910
2012081912
2012082401
2012082403
2012082405
2012082407
2012082409
2012082411
2012082413
2012082415
2012082417
2012082419
2012082421
2012082423
2012082914
2012082918
2012082920
2012082922
2012083000
2012083002
2012083004
2012083006
2012083008
2012083010
2012090311
2012090313
2012090315
2012090317
2012090319
2012090321
2012090323
2012090401
2012090403
2012090900
2012090902
2012090904
2012090906
2012090910
2012090912
2012090914
2012090916
2012090918
2012090920
2012091405
2012091407
2012091409
2012091411
2012091413
2012091415
2012091417
2012091419
2012091421
2012091423
2012091501
2012091908
2012091910
2012091912
2012091914
2012091916
2012091918
2012091920
2012091922
2012092000
2012092002
2012092004
2012092415
2012092417
2012092419
2012092421
2012092423
2012092501
2012092503
2012092505
2012092507
2012092509
2012093017
2012093019
2012093021
2012093023
2012100101
2012100501
2012100503
2012100505
2012100507
2012100509
2012100511
2012100513
2012100515
2012100517
2012100519
2012100521
2012101010
2012101012
2012101014
2012101016
2012101018
2012101020
2012101022
2012101100
2012101102
2012101104
2012101515
2012101517
2012101519
2012101521
2012101523
2012101601
2012101603
2012101605
2012101607
2012101609
2012102020
2012102022
2012102100
2012102102
2012102104
2012102106
2012102108
2012102110
2012102112
2012102114
2012102116
2012102603
2012102605
2012102607
2012102609
2012102611
2012102613
2012102615
2012102617
2012102619
2012102714
2012102800
2012102802
2012102806
2012102808
2012102812
2012103114
2012103116
2012103118
2012103120
2012103122
2012110100
2012110102
2012110104
2012110106
2012110108
2012110110
2012110603
2012110605
2012110607
2012110609
2012110611
2012110613
2012110615
2012110617
2012110619
2012110621
2012110623
2012111112
2012111114
2012111116
2012111118
2012111120
2012111122
2012111200
2012111202
2012111204
2012111206
2012111208
2012111701
2012111703
2012111705
2012111707
2012111709
2012111711
2012111713
2012111715
2012111717
2012111719
2012111721
2012112216
2012112218
2012112220
2012112222
2012112300
2012112302
2012112407
2012112409
2012112411
2012112413
2012112415
2012112805
2012112807
2012112809
2012112811
2012112813
2012112815
2012112817
2012112819
2012112821
2012112823
2012112901
2012120322
2012120400
2012120402
2012120404
2012120406
2012120408
2012120410
2012120412
2012120414
2012120416
2012120418
2012120617
2012120911
2012120913
2012120915
2012120917
2012120919
2012120921
2012120923
2012121001
2012121003
2012121005
2012121412
2012121414
2012121416
2012121418
2012121420
2012121422
2012121713
2012121715
2012121717
2012121719
2012121721
2012121723
2012122313
2012122315
2012122317
2012122319
2012122321
2012122323
2012122614
2012122616
2012122618
2012122620
2012122622
2012122700
2012122915
2012122917
2012122919
2012122921
2012122923
2012123001
2012123003