2012022408
2012022409
2012022410
2012022411
2012022412
2012022413
2012022414
2012022415
2012022416
2012022417
2012022418
2012022419
2012022420
2012022421
2012022422
2012022423
2012022500
2012022501
2012022502
2012022503
2012022504
2012022505
2012022506
2012022507
2012022508
2012022509
2012022510
2012022511
2012022512
2012022513
2012022514
2012022515
2012022516
2012022517
2012022518
2012022519
2012022520
2012022521
2012022522
2012022523
2012022600
2012022601
2012022602
2012022603
2012022604
2012022605
2012022606
2012022607
2012022608
2012022609
2012022610
2012022611
2012022612
2012022613
2012022614
2012022615
2012022616
2012022617
2012022618
2012022619
2012022620
2012022621
2012022622
2012022623
2012022700
2012022701
2012022702
2012022703
2012022704
2012022705
2012022706
2012022707
2012022708
2012022709
2012022710
2012022711
2012022712
2012022713
2012022714
2012022715
2012022716
2012022717
2012022718
2012022719
2012022720
2012022721
2012022722
2012022723
2012022800
2012022801
2012022802
2012022803
2012022804
2012022805
2012022806
2012022807
2012022808
2012022809
2012022810
2012022811
2012022812
2012022813
2012022814
2012022815
2012022816
2012022817
2012022818
2012022819
2012022820
2012022821
2012022822
2012022823
2012022900
2012022901
2012022902
2012022903
2012022904
2012022905
2012022906
2012022907
2012022908
2012022909
2012022910
2012022911
2012022912
2012022913
2012022914
2012022915
2012022916
2012022917
2012022918
2012022919
2012022920
2012022921
2012022922
2012022923
2012030100
2012030101
2012030102
2012030103
2012030104
2012030105
2012030106
2012030107
2012030108
2012030109
2012030110
2012030111
2012030112
2012030113
2012030114
2012030115
2012030116
2012030117
2012030118
2012030119
2012030120
2012030121
2012030122
2012030123
2012030200
2012030201
2012030202
2012030203
2012030204
2012030205
2012030206
2012030207
2012030208
2012030209
2012030210
2012030211
2012030212
2012030213
2012030214
2012030215
2012030216
2012030217
2012030218
2012030219
2012030220
2012030221
2012030222
2012030223
2012030300
2012030301
2012030302
2012030303
2012030304
2012030305
2012030306
2012030307
2012030308
2012030309
2012030310
2012030311
2012030312
2012030313
2012030314
2012030315
2012030316
2012030317
2012030318
2012030319
2012030320
2012030321
2012030322
2012030323
2012030400
2012030401
2012030402
2012030403
2012030404
2012030405
2012030406
2012030407
2012030408
2012030409
2012030410
2012030411
2012030412
2012030413
2012030414
2012030415
2012030416
2012030417
2012030418
2012030419
2012030420
2012030421
2012030422
2012030423
2012030500
2012030501
2012030502
2012030503
2012030504
2012030505
2012030506
2012030507
2012030508
2012030509
2012030510
2012030511
2012030512
2012030513
2012030514
2012030515
2012030516
2012030517
2012030518
2012030519
2012030520
2012030521
2012030522
2012030523
2012030600
2012030601
2012030602
2012030603
2012030604
2012030605
2012030606
2012030607
2012030608
2012030609
2012030610
2012030611
2012030612
2012030613
2012030614
2012030615
2012030616
2012030617
2012030618
2012030619
2012030620
2012030621
2012030622
2012030623
2012030700
2012030701
2012030702
2012030703
2012030704
2012030705
2012030706
2012030707
2012030708
2012030709
2012030710
2012030711
2012030712
2012030713
2012030714
2012030715
2012030716
2012030717
2012030718
2012030719
2012030720
2012030721
2012030722
2012030723
2012030800
2012030801
2012030802
2012030803
2012030804
2012030805
2012030806
2012030807
2012030808
2012030809
2012030810
2012030811
2012030812
2012030813
2012030814
2012030815
2012030816
2012030817
2012030818
2012030819
2012030820
2012030821
2012030822
2012030823
2012030900
2012030901
2012030902
2012030903
2012030904
2012030905
2012030906
2012030907
2012030908
2012030909
2012030910
2012030911
2012030912
2012030913
2012030914
2012030915
2012030916
2012030917
2012030918
2012030919
2012030920
2012030921
2012030922
2012030923
2012031000
2012031001
2012031002
2012031003
2012031004
2012031005
2012031006
2012031007
2012031008
2012031009
2012031010
2012031011
2012031012
2012031013
2012031014
2012031015
2012031016
2012031017
2012031018
2012031019
2012031020
2012031021
2012031022
2012031023
2012031100
2012031101
2012031102
2012031103
2012031104
2012031105
2012031106
2012031107
2012031108
2012031109
2012031110
2012031111
2012031112
2012031113
2012031114
2012031115
2012031116
2012031117
2012031118
2012031119
2012031120
2012031121
2012031122
2012031123
2012031200
2012031201
2012031202
2012031203
2012031204
2012031205
2012031206
2012031207
2012031208
2012031209
2012031210
2012031211
2012031212
2012031213
2012031214
2012031215
2012031216
2012031217
2012031218
2012031219
2012031220
2012031221
2012031222
2012031223
2012031300
2012031301
2012031302
2012031303
2012031304
2012031305
2012031306
2012031307
2012031308
2012031309
2012031310
2012031311
2012031312
2012031313
2012031314
2012031315
2012031316
2012031317
2012031318
2012031319
2012031320
2012031321
2012031322
2012031323
2012031400
2012031401
2012031402
2012031403
2012031404
2012031405
2012031406
2012031407
2012031408
2012031409
2012031410
2012031411
2012031412
2012031413
2012031414
2012031415
2012031416
2012031417
2012031418
2012031419
2012031420
2012031421
2012031422
2012031423
2012031500
2012031501
2012031502
2012031503
2012031504
2012031505
2012031506
2012031507
2012031508
2012031509
2012031510
2012031511
2012031512
2012031513
2012031514
2012031515
2012031516
2012031517
2012031518
2012031519
2012031520
2012031521
2012031522
2012031523
2012031600
2012031601
2012031602
2012031603
2012031604
2012031605
2012031606
2012031607
2012031608
2012031609
2012031610
2012031611
2012031612
2012031613
2012031614
2012031615
2012031616
2012031617
2012031618
2012031619
2012031620
2012031621
2012031622
2012031623
2012031700
2012031701
2012031702
2012031703
2012031704
2012031705
2012031706
2012031707
2012031708
2012031709
2012031710
2012031711
2012031712
2012031713
2012031714
2012031715
2012031716
2012031717
2012031718
2012031719
2012031720
2012031721
2012031722
2012031723
2012031800
2012031801
2012031802
2012031803
2012031804
2012031805
2012031806
2012031807
2012031808
2012031809
2012031810
2012031811
2012031812
2012031813
2012031814
2012031815
2012031816
2012031817
2012031818
2012031819
2012031820
2012031821
2012031822
2012031823
2012031900
2012031901
2012031902
2012031903
2012031904
2012031905
2012031906
2012031907
2012031908
2012031909
2012031910
2012031911
2012031912
2012031913
2012031914
2012031915
2012031916
2012031917
2012031918
2012031919
2012031920
2012031921
2012031922
2012031923
2012032000
2012032001
2012032002
2012032003
2012032004
2012032005
2012032006
2012032007
2012032008
2012032009
2012032010
2012032011
2012032012
2012032013
2012032014
2012032015
2012032016
2012032017
2012032018
2012032019
2012032020
2012032021
2012032022
2012032023
2012032100
2012032101
2012032102
2012032103
2012032104
2012032105
2012032106
2012032107
2012032108
2012032109
2012032110
2012032111
2012032112
2012032113
2012032114
2012032115
2012032116
2012032117
2012032118
2012032119
2012032120
2012032121
2012032122
2012032123
2012032200
2012032201
2012032202
2012032203
2012032204
2012032205
2012032206
2012032207
2012032208
2012032209
2012032210
2012032211
2012032212
2012032213
2012032214
2012032215
2012032216
2012032217
2012032218
2012032219
2012032220
2012032221
2012032222
2012032223
2012032300
2012032301
2012032302
2012032303
2012032304
2012032305
2012032306
2012032307
2012032308
2012032309
2012032310
2012032311
2012032312
2012032313
2012032314
2012032315
2012032316
2012032317
2012032318
2012032319
2012032320
2012032321
2012032322
2012032323
